91217
112853
193851
197680
200433
291521
368100
376159
411084
425371
531734
631610
720312
800183
823708
880815
984069
1013084
1029084
1057989
1062894
1116773
1184770
1303541
1340656
1361396
1380821
1402177
1413610
1417733
1481768
1501961
1589545
1591837
1617670
1714588
1716489
1722223
1723081
1841716
1842240
1842524
1849357
1970128
2144299
2211102
2279219
2282233
2289977
2312074
2426234
2531500
2724331
2780046
2797688
2848299
2851180
2882061
2903677
2905735
2998380
3027177
3063767
3241100
3244068
3424466
3460372
3462727
3473042
3540834
3562747
3599552
3643941
3653107
3876784
3877450
3890557
3998469
4015301
4066208
4112283
4220655
4318035
4331504
4363039
4385745
4405559
4467300
4775537
4775866
4792076
4807816
4892269
4897129
4929110
5009977
5020065
5094770
5106332
5124541
5198281
5297261
5321340
5335822
5364947
5381731
5402985
5416029
5580689
5592225
5614483
5715334
5735947
5838635
5922037
5955553
6012871
6083385
6213766
6281740
6424630
6509472
6557148
6598401
6683444
6695424
6697916
6753658
6799795
6866912
6925434
6951583
7003240
7041576
7073127
7081805
7168581
7169750
7184967
7226490
7285061
7469456
7560016
7623564
7666444
7693999
7751340
7806831
7807702
7811400
7822987
7842893
7910864
7950545
7971581
7984842
8006187
8084468
8140848
8157300
8318595
8390434
8407588
8485364
8596833
8618908
8668869
8746833
8768715
8798687
8832053
8931029
8936867
9007407
9019719
9084243
9169171
9188449
9222882
9229847
9266143
9391439
9394117
9414201
9419855
9433892
9449175
9595249
9716150
9737226
9896696
9967921
10022904
10039229
10061595
10228289
10253668
10262949
10304567
10310999
10338193
10353784
10372152
10400186
10442331
10451624
10492901
10610657
10673565
10733792
10739425
10866738
10972876
11010646
11028747
11043195
11054924
11123190
11184156
11196871
11231168
11344115
11393327
11407620
11640981
11668227
11726855
11765199
11777424
11813681
11841319
11843949
11856566
11869263
11934801
11945667
11972175
12006349
12060795
12069047
12199910
12346446
12417762
12463123
12475956
12491285
12519908
12520893
12585913
12594708
12642886
12723652
12769377
12849384
12904539
12930464
12958814
13000444
13022456
13024629
13050051
13103337
13221001
13300595
13353552
13411826
13442754
13461421
13465726
13515876
13589159
13620445
13654255
13836893
13998665
14065928
14185792
14298050
14376471
14460784
14536071
14572600
14701215
14741268
14762723
14825505
14833794
15015634
15046923
15048033
15074062
15110945
15124501
15155598
15207708
15276512
15400306
15426463
15523719
15529262
15669437
15711668
15786936
15828580
15876118
15916927
16068807
16150492
16156746
16170167
16183714
16261320
16384337
16404914
16436829
16515223
16594366
16688651
16731292
16743513
16746891
16772808
16872371
16960436
16989933
17072424
17080821
17212355
17233823
17260125
17322517
17399948
17452912
17480414
17487942
17536589
17556503
17652150
17674243
17702919
17719483
17764342
17805002
17827971
17853303
17854422
17954642
18003950
18115899
18117494
18154490
18188351
18231870
18279730
18293580
18349064
18355611
18380195
18380323
18403215
18471029
18679167
18759742
18848008
18873078
18901569
18927915
18931642
18972734
18978294
19017187
19022556
19023853
19127632
19140287
19174876
19183713
19186386
19212503
19223810
19305477
19339437
19406380
19426589
19521064
19606021
19693549
19702165
19739010
19800421
19841518
19873503
19876937
19923275
20005506
20020352
20049425
20083118
20091677
20097569
20121075
20121085
20158814
20166719
20206566
20280209
20345461
20371277
20379717
20392815
20425002
20490886
20525105
20748399
20765218
20894473
20903482
20914378
20943015
20992493
21042573
21086421
21119225
21209654
21210206
21284641
21354058
21386152
21397629
21433340
21434155
21441636
21474478
21527950
21572289
21573805
21643920
21717004
21775297
21834936
21892524
21916249
21916800
21932767
21959635
21983761
21988236
22000008
22061010
22085063
22119320
22162432
22209554
22251133
22293654
22307982
22313318
22433654
22455457
22464054
22528282
22584634
22598468
22609745
22754277
22802634
22854983
22860792
22931552
22939983
22994677
23060448
23061739
23098558
23137943
23178759
23193432
23210588
23227498
23243168
23262177
23330861
23388199
23481313
23504493
23520697
23521497
23547600
23600981
23607852
23684943
23689115
23701349
23774047
23781327
23846585
23902590
23916443
23949287
24111060
24122129
24171924
24232201
24330596
24446475
24519584
24721061
24721691
24733278
24864700
24896569
24920292
24927094
24936227
24984670
25114723
25134222
25160150
25335863
25374291
25422647
25519145
25628663
25761746
25832657
25850888
25951295
25972055
25981928
26149909
26174157
26182857
26199718
26251649
26357936
26402399
26460382
26466359
26475482
26490590
26555389
26631280
26677566
26688977
26707639
26709647
26951856
26999421
27135648
27172213
27210597
27224700
27250352
27370537
27379086
27405093
27415495
27420416
27448262
27453767
27461887
27528276
27608412
27668556
27697943
27703021
27734041
27752407
27758936
27760784
27893310
27914471
27915404
27927807
27952367
28085426
28101942
28140692
28192439
28258778
28331163
28331504
28338529
28364994
28381765
28431332
28515013
28571844
28607720
28612887
28668281
28705946
28727249
28795555
28919291
28936105
29001935
29074786
29114931
29131189
29132844
29157226
29209801
29384887
29442631
29476502
29479800
29497296
29560996
29573112
29700894
29701758
29735673
29794972
29846144
29885980
29896826
29976983
29995677
30002659
30018771
30061544
30078209
30084465
30148395
30160452
30246040
30275782
30298233
30334816
30418056
30460725
30476715
30512381
30536860
30546958
30592189
30624538
30661314
30661677
30717608
30738472
30793563
31038787
31122315
31293839
31359214
31386979
31439426
31470585
31511916
31559437
31584592
31705778
31755026
31755534
31847068
31868634
31881036
32006239
32072378
32108853
32189799
32201815
32392045
32429000
32454076
32484809
32551487
32554072
32582737
32588661
32609430
32612001
32681594
32855348
32874335
32905572
32912209
32958956
32982490
33015816
33180398
33196068
33200775
33201495
33206092
33208004
33258600
33278909
33302678
33400731
33518093
33533674
33549210
33680256
33704041
33809733
33861353
33904975
33949176
33966845
33986862
33994731
33998310
33999353
34175166
34323575
34400528
34413996
34551262
34577821
34637992
34723654
34745160
34828041
34902949
34941185
34945227
35025649
35070641
35167231
35177881
35202908
35258630
35497109
35536097
35569199
35631367
35671605
35672912
35721937
35808728
35822951
35877760
35939712
35949170
36033177
36135270
36218174
36293440
36407322
36430281
36698658
36778618
36818911
36904886
36931977
37017077
37020787
37248018
37294481
37298015
37329769
37340131
37376580
37382919
37474691
37479679
37512243
37539422
37550066
37703600
37821047
37886229
37915254
37924367
37934281
37959469
38034390
38053271
38065862
38126562
38257345
38380206
38416732
38557886
38601572
38724632
38738441
38761741
38842845
38896530
39032818
39035078
39094781
39096668
39117259
39129463
39187181
39218213
39291459
39341072
39452829
39467430
39504720
39529128
39537046
39572470
39780106
39810637
39819967
39820921
40010492
40034995
40173053
40243164
40256533
40284030
40307752
40419796
40432444
40523208
40589697
40601573
40650293
40724257
40745951
40753595
40869520
40910665
41090074
41107591
41144453
41182355
41214138
41222770
41251945
41280376
41338833
41359646
41415145
41456757
41492112
41539973
41602733
41622646
41631803
41659481
41671567
41766677
41771312
41782917
41896157
41904916
41936015
42066796
42086405
42099259
42110364
42123408
42157324
42199460
42206379
42230852
42300693
42331470
42368372
42397881
42415292
42431554
42511938
42580944
42583063
42593355
42681648
42803877
42942384
42959588
43066841
43070735
43173393
43274208
43276252
43354317
43602299
43625307
43669574
43812053
43862340
43869782
43874648
44147392
44223381
44274200
44278298
44291829
44417605
44513687
44550040
44583789
44606438
44649485
44701317
44729460
44781748
44838644
44881379
44979205
44986716
45000470
45045204
45048375
45161375
45235377
45278505
45310833
45384763
45404322
45454012
45525251
45538714
45600038
45656316
45658113
45864462
45969284
46014814
46036238
46100133
46227664
46260816
46308897
46410749
46415949
46489153
46491418
46507134
46561878
46565885
46578750
46662503
46673614
46679426
46716925
46721535
46745508
46752294
46933900
47116931
47140989
47210516
47254959
47345361
47351793
47357285
47472357
47484970
47513946
47535428
47537933
47593122
47689477
47771588
47865472
47996594
48064280
48213949
48230194
48244626
48248937
48323574
48328907
48372896
48387840
48423349
48429753
48601050
48665731
48759221
48878887
48930786
48932666
49049309
49181813
49244009
49253056
49260746
49378210
49383732
49492967
49558352
49597567
49623491
49664706
49676784
49755876
49819436
49843083
49843655
49918100
49980191
49984287
49999191
49999261
50001323
50009225
50046694
50055804
50091188
50103531
50292747
50346308
50529397
50654837
50718484
50720453
50743641
50872141
50995994
51010688
51024414
51032557
51075622
51213483
51225435
51304462
51320161
51391863
51395795
51487847
51585247
51611189
51617175
51672991
51752406
51772523
51778848
51783990
51834531
51867069
51973069
52000354
52001719
52178888
52293060
52313565
52339689
52366509
52385610
52408731
52416838
52426461
52565345
52567607
52605802
52627229
52669590
52686725
52873104
52951856
53071052
53124631
53146732
53164100
53203369
53317061
53335818
53411032
53422580
53463670
53593641
53597115
53612217
53630423
53633925
53641513
53648810
53708728
53725056
53759949
53801294
53894293
53929905
53936103
53943784
53955954
53962767
54116500
54220087
54278457
54312246
54391767
54476766
54488636
54560883
54699367
54718035
54770779
54793244
54889233
54898008
54913038
54954139
54980074
55016214
55029741
55221272
55241871
55243626
55331858
55354443
55473097
55511608
55557452
55669742
55793467
55853610
55862397
55954968
56009491
56011643
56034423
56039203
56205658
56286008
56307136
56327751
56447306
56531719
56565715
56570834
56651977
56653537
56704045
56709095
56775532
56788646
56929814
56946022
57009323
57023232
57091993
57265280
57279596
57323799
57332035
57346515
57364579
57401244
57411334
57431940
57555381
57608385
57616607
57627361
57646385
57647279
57652124
57665280
57764347
57820121
57822974
57906999
57964940
57987757
58002633
58038957
58063510
58228615
58268864
58283669
58301155
58434644
58500634
58569808
58576019
58577338
58617572
58619938
58638303
58723569
58773561
58786125
58850155
58889936
58911356
58960410
58994596
59025453
59027543
59045979
59074268
59169508
59266519
59278993
59461542
59465999
59474308
59474618
59506641
59550345
59577346
59587306
59599654
59614577
59631991
59667398
59671048
59726165
59732709
59763333
59922655
59941557
59968059
60047584
60061480
60068145
60163719
60180764
60265794
60273201
60437639
60462245
60464395
60464591
60472599
60563525
60597156
60651808
60660918
60785413
60838970
60844986
60868828
60887044
60954983
61044888
61047547
61077075
61083156
61104444
61203113
61249301
61273913
61503866
61575357
61631357
61696696
61814414
61820446
61826275
61836566
61854560
62019296
62059471
62102382
62116099
62171568
62211971
62248529
62260011
62368120
62707205
62738163
62813692
62843483
62966270
62981855
63027661
63059685
63302098
63329700
63418900
63520147
63591092
63628044
63634757
63671593
63869181
63936575
63999606
64093330
64112052
64114844
64141381
64169714
64213765
64262070
64270638
64325159
64341604
64372565
64416115
64485787
64593507
64650387
64655420
64675658
64680657
64712001
64852908
64932598
64935772
64964483
64971759
64986793
65004850
65012927
65060881
65165504
65291984
65437221
65495121
65567591
65611154
65616003
65683723
65691492
65865800
65874554
65892932
65934560
65983932
65985676
66109944
66111906
66266406
66386227
66394471
66412787
66417708
66466840
66479189
66526409
66593167
66610646
66622231
66625776
66701818
66708759
66734346
66753893
66776529
66797281
66869126
66980850
66985456
67002805
67019162
67071186
67086973
67104998
67149212
67154613
67171744
67187366
67191922
67193910
67201859
67251153
67389019
67397062
67496648
67591344
67652159
67674693
67687937
67695014
67696618
67719926
67721368
67754673
67822811
67967314
67975773
68010546
68097642
68139964
68149240
68153309
68163657
68284730
68292506
68413295
68485856
68619175
68652699
68741116
68785393
68875286
68888027
68937640
68941795
69012568
69021121
69051249
69165614
69221027
69287494
69319431
69344410
69372980
69385578
69591371
69603861
69645232
69717150
69760086
69886582
69914367
69987455
70012213
70260824
70346326
70350719
70361847
70455317
70460890
70473102
70493359
70594143
70637008
70752016
70795976
71195235
71365985
71366778
71375470
71389026
71413424
71435809
71580089
71601519
71623600
71632704
71658963
71671995
71685318
71843789
71880723
71897089
71945899
71971212
71973383
72001224
72022430
72032254
72110590
72182304
72237858
72255191
72315999
72348301
72363762
72478124
72578080
72616822
72626576
72830437
72831197
72831773
72864438
72872527
73036224
73092500
73130501
73139963
73164414
73169855
73203796
73209572
73227727
73235290
73252006
73271137
73303545
73318430
73347312
73360400
73437472
73454431
73482622
73508212
73521232
73563223
73592470
73742708
73747170
73760427
73766654
73780370
73849220
73873830
73887329
73890391
73917255
73980421
74171193
74179240
74181906
74185307
74212690
74238840
74244282
74317723
74331188
74369723
74500983
74555765
74690649
74693566
74718262
74760758
74781734
74805117
75009967
75106509
75108584
75186365
75254892
75424999
75437085
75445742
75488031
75660434
75665437
75715655
75808616
75827966
75837267
75864596
75892611
75931890
75931963
75942740
76007819
76079791
76189285
76192306
76306425
76381066
76385257
76488514
76498486
76506605
76521707
76541429
76580718
76589941
76625507
76625557
76632028
76672406
76710112
76786480
76930716
76937458
76943888
76954658
76969296
77065911
77067879
77082556
77122916
77123441
77172806
77235804
77284541
77321318
77328064
77353799
77355314
77359791
77393936
77468624
77484665
77517768
77519207
77563671
77600392
77666994
77672377
77677265
77682557
77704038
77906788
77933522
78029301
78066096
78096501
78124349
78160776
78299635
78313860
78334763
78346522
78488496
78550779
78614013
78705690
78760253
78902627
78908995
78926188
78997679
79065499
79070125
79235875
79254931
79258213
79315181
79452712
79454619
79472465
79616086
79625070
79678750
79711422
79749592
79789202
79883988
79953456
79978465
79992183
80024607
80129041
80132069
80150038
80205665
80229323
80367846
80520416
80556557
80586635
80630741
80639729
80659062
80680822
80696912
80726881
80747481
80774610
80894694
80939896
80958165
81000345
81039337
81124681
81348013
81356608
81435088
81499620
81718589
81735943
81857288
81901486
81908297
81916441
81921353
82020984
82071169
82172106
82455636
82503184
82561640
82685469
82726335
82739282
82780277
82789381
82794691
82814686
82818359
82823274
82850614
82858007
83240355
83247952
83283923
83290377
83398903
83400708
83423251
83460275
83527507
83538171
83624453
83654311
83662998
83725854
83809790
83906889
84092779
84163861
84276021
84330800
84372588
84386528
84392215
84596349
84599019
84840550
84937381
84956492
85003546
85013983
85030418
85123447
85173950
85205647
85287122
85329140
85334689
85341095
85444798
85450782
85671794
85848265
85961039
85999345
86007106
86055797
86084858
86088462
86133424
86188700
86287480
86479122
86488484
86631338
86726589
86791634
86858567
86858780
87051289
87058119
87298309
87461421
87474113
87668403
87670348
87684201
87699353
87717208
87766054
87791281
87796392
87809191
87822735
87851446
88040044
88043722
88100150
88144277
88379516
88406019
88411636
88471837
88500946
88598029
88675911
88711912
88796425
88825947
88865006
88875252
88909112
88952665
88959325
88975166
88993840
88997353
89167543
89220416
89364508
89469872
89497340
89515142
89551251
89574783
89615442
89619773
89650939
89673612
89792379
89839523
89847813
89873890
89980650
90013862
90119242
90128472
90138766
90142806
90297714
90313292
90317973
90343619
90470415
90508685
90520353
90527791
90533893
90556439
90708251
90809660
90883627
90898620
90911130
90975602
91075173
91085589
91105621
91114195
91181242
91230470
91239993
91262287
91277507
91370325
91378671
91395181
91400540
91447523
91531765
91553565
91708872
91733662
91748124
91775822
91800030
91833881
91942329
92024372
92032418
92100583
92154088
92158626
92225182
92227050
92280996
92310273
92324687
92423246
92478561
92480749
92514239
92517221
92547624
92603598
92605771
92696635
92731458
92758205
92764119
92807875
92816533
92867858
92869791
92915687
92999258
93069220
93099938
93120653
93224524
93229061
93233024
93270972
93290929
93341385
93378054
93406331
93475788
93482970
93531220
93647291
93663179
93755459
93804305
93826263
93866771
93879648
93992679
94006869
94015656
94034421
94067702
94164240
94167898
94231432
94324172
94380665
94383617
94405197
94415445
94455722
94575867
94589938
94711997
94732469
94869550
94870132
94873874
94992157
95218305
95234194
95261585
95288907
95295894
95306524
95339472
95379837
95398982
95505044
95548386
95573550
95586456
95590151
95637175
95733321
95753803
95755644
95845166
95861620
95880991
95929048
95939404
96022262
96056221
96070787
96123094
96155698
96237819
96259718
96322456
96347014
96353618
96405099
96460846
96472646
96490417
96541181
96574658
96604005
96622080
96647502
96699877
96711678
96713802
96720249
96750418
96811829
97002687
97103782
97115432
97154314
97404415
97450257
97491651
97499281
97595479
97755339
97816882
97849959
97863736
97885089
97898459
97900961
97904951
97967812
98013333
98133228
98234637
98254505
98257064
98290633
98292009
98292755
98330856
98353997
98364360
98374017
98428244
98429005
98460326
98469384
98523241
98583792
98599246
98614388
98633768
98844945
98880102
98897060
98949093
99053895
99066675
99403653
99417966
99513915
99525040
99536641
99736387
99738532
99743165
99791776
99968930
99972220
99980864
